0.5450317 
0.47699022 
0.47720036 
0.47811645 
0.46562797 
0.4812829 
0.4370165 
0.40005788 
0.4412969 
0.4057114 
0.40400034 
0.36797038 
0.40227634 
0.3561014 
0.3257532 
0.45498872 
0.5527813 
0.39151734 
0.39295954 
0.34027663 
0.32909584 
0.34901062 
0.37112126 
0.41172785 
0.38705906 
0.36231765 
0.3115646 
0.31598887 
0.33990693 
0.3600629 
0.32273325 
0.36148116 
0.36489838 
0.36230636 
0.32285804 
0.30149692 
0.37651587 
0.3329713 
0.3016155 
0.30958483 
0.34440523 
0.33441 
0.305343 
0.28955722 
0.28642794 
0.27172452 
0.28198242 
0.32592902 
0.29097086 
0.29127425 
0.3087905 
0.2821983 
0.2742534 
0.24170804 
0.28917077 
0.27354956 
0.29154223 
0.35126182 
0.30175596 
0.32593894 
0.29196805 
0.29005083 
0.30432218 
0.32842556 
0.35575452 
0.37231544 
0.2753138 
0.28557923 
0.2524119 
0.3268538 
0.32693306 
0.33067852 
0.28648344 
0.2686979 
0.24798965 
0.29055908 
0.27907613 
0.25992718 
0.22767611 
0.25738034 
0.26217008 
0.30777353 
0.30538392 
0.30379418 
0.28785032 
0.27571884 
0.23914917 
0.25658622 
0.26296744 
0.25359488 
0.25608668 
0.26645404 
0.26650494 
0.30003655 
0.24594513 
0.27373534 
0.22820525 
0.23294552 
0.27758598 
0.26739192 
0.27169648 
0.23052248 
0.25561303 
0.22795841 
0.21495955 
0.17898943 
0.24546602 
0.23818259 
0.2233392 
0.22882774 
0.20934618 
0.21396382 
0.1951805 
0.19822311 
0.21530195 
0.22534528 
0.18635203 
0.20024142 
0.22681221 
0.28560933 
0.24517465 
0.20187469 
0.2306976 
0.18003318 
0.17760785 
0.17895167 
0.18551913 
0.18408707 
0.19864415 
0.1696224 
0.15416406 
0.1354391 
0.16777913 
0.14538671 
0.18159102 
0.20161648 
0.24524501 
0.22043166 
0.20329407 
0.17318133 
0.1629629 
0.1519408 
0.19502118 
0.19064216 
0.1427174 
0.1686982 
0.13816343 
0.13426507 
0.16054429 
0.16511431 
0.16786979 
0.20956178 
0.20494418 
0.17742874 
0.20109501 
0.1950458 
0.16095024 
0.11909227 
0.12693036 
0.13336353 
0.2093836 
0.22656038 
0.18384911 
0.14652684 
0.12903646 
0.12663004 
0.12229456 
0.11090262 
0.12804072 
0.119609475 
0.13612108 
0.13079877 
0.1180621 
0.13904765 
0.11373389 
0.09501099 
0.12459846 
0.10949049 
0.15639442 
0.15312591 
0.1486268 
0.106012866 
0.12774405 
0.10025201 
0.12452428 
0.1268538 
0.11646894 
0.13415603 
0.15641455 
0.12660928 
0.12300427 
0.1313011 
0.15800445 
0.15633039 
0.13277255 
0.12869076 
0.1671254 
0.17005768 
0.14247343 
0.119158104 
0.10997655 
0.11277149 
0.12585811 
0.08198066 
0.09989943 
0.10523133 
0.101650275 
0.096686706 
0.09028338 
0.07555902 
0.088246524 
0.103690706 
0.079568654 
0.10006876 
0.08186533 
0.109453775 
0.09945661 
0.0939536 
0.06956898 
0.063163504 
0.07566756 
0.08718856 
0.095709525 
0.11252481 
0.11968194 
0.12508424 
0.12902978 
0.11560863 
0.1004938 
0.11254327 
0.088545315 
0.101364896 
0.12548637 
0.08449202 
0.08931987 
0.10343029 
0.09810504 
0.08696876 
0.08068863 
0.08105262 
0.08398733 
0.08425997 
0.10352888 
0.1079586 
0.090818405 
0.08368275 
0.06833099 
0.08305396 
0.08534707 
0.103071176 
0.08268081 
0.076878026 
0.06788631 
0.06623729 
0.07606348 
0.06950464 
0.075349495 
0.086449966 
0.080787286 
0.101921774 
0.12561905 
0.12185325 
0.16403754 
0.06958131 
0.06602232 
0.06749116 
0.07483263 
0.055824984 
0.057125412 
0.05402906 
0.056464553 
0.059879236 
0.053626306 
0.051938914 
0.049398616 
0.048524875 
0.07457634 
0.070629224 
0.08916737 
0.066182196 
0.045656726 
0.044308126 
0.05984483 
0.062567234 
0.09696888 
0.13491702 
0.16522232 
0.13314424 
0.059163667 
0.069748156 
0.06945877 
0.060738005 
0.0517089 
0.06961677 
0.054367583 
0.06127423 
0.047517926 
0.046403427 
0.051425885 
0.05499941 
0.06383248 
0.06453801 
0.08388441 
0.0616421 
0.05948305 
0.053198516 
0.05389198 
0.060495894 
0.08313828 
0.1182312 
0.109683536 
0.07133428 
0.069454804 
0.057743054 
0.0673855 
0.06255835 
0.037079524 
0.04599478 
0.06739942 
0.08320254 
0.08817062 
0.07012812 
0.04890917 
0.03616305 
0.054018836 
0.053687714 
0.059245862 
0.049152154 
0.04999136 
0.061918937 
0.077152714 
0.060531307 
0.04544975 
0.04868952 
0.044122193 
0.041872665 
0.035029106 
0.05366819 
0.08235477 
0.06507422 
0.06875264 
0.0893468 
0.08650596 
0.048502382 
0.044161443 
0.06084504 
0.044326495 
0.045129485 
0.06858418 
0.04008968 
0.067033276 
0.083855405 
0.13161108 
0.079870775 
0.07006041 
0.06321217 
0.051005848 
0.059836995 
0.044591993 
0.045105897 
0.055830706 
0.07661965 
0.07330258 
0.074885085 
0.05116964 
0.10546428 
0.14259958 
0.1713478 
0.10279038 
0.087428614 
0.05426132 
0.061850853 
0.0599553 
0.06934676 
0.047707327 
0.045853514 
0.0466939 
0.052452542 
0.04294497 
0.05450548 
0.039691854 
0.056316864 
0.051800884 
0.045063972 
0.0381876 
0.04278728 
0.045056395 
0.043256212 
0.058450054 
0.086478874 
0.09527091 
0.06296758 
0.05919379 
0.07363914 
0.09480486 
0.068756916 
0.059741326 
0.06182285 
0.0494064 
0.054964192 
0.03547453 
0.031743128 
0.038854122 
0.05247779 
0.040520698 
0.040236525 
0.046477657 
0.052260578 
0.058134664 
0.073732704 
0.05408135 
0.046182573 
0.053154193 
0.05770638 
0.07001801 
0.091411464 
0.10187602 
0.050991356 
0.036642663 
0.038122226 
0.053869747 
0.05463618 
0.053717602 
0.06414219 
0.079769395 
0.1135665 
0.08951404 
0.04337772 
0.04857856 
0.046770483 
0.06127091 
0.07776755 
0.07193947 
0.053185858 
0.032466173 
0.035751157 
0.051243138 
0.058998574 
0.063464604 
0.07229565 
0.071580306 
0.05079279 
0.0765402 
0.07457416 
0.053108584 
0.052680254 
0.04893518 
0.03581512 
0.04056518 
0.040456485 
0.036390785 
0.043429 
0.050799955 
0.06483447 
0.05356263 
0.04160883 
0.069043994 
0.08348571 
0.061408926 
0.050549913 
0.045058895 
0.056538362 
0.06310575 
0.042759854 
0.04635515 
0.049717586 
0.05924201 
0.0512285 
0.025571112 
0.031038795 
0.054564334 
0.058249902 
0.13025707 
0.28127974 
0.11813642 
0.08773337 
0.052740492 
0.05031501 
0.049169537 
0.04764975 
0.044896893 
0.03626473 
0.037358835 
0.04101678 
0.047998335 
0.051300067 
0.046101 
0.05975806 
0.059860885 
0.05381354 
0.048916332 
0.05633806 
0.04290472 
0.036648113 
0.033392243 
0.045351338 
0.048701726 
0.035664193 
0.036473688 
0.03720345 
0.04602036 
0.045000356 
0.03330477 
0.032849975 
0.052463293 
0.074771956 
0.116931304 
0.089648746 
0.071239635 
0.063901015 
0.04993244 
0.040578622 
0.04429651 
0.035171274 
0.027124554 
0.03734075 
0.041823544 
0.039925788 
0.03735555 
0.04530378 
0.048099782 
0.05953316 
0.056544255 
0.066456 
0.06605617 
0.08394324 
0.09258522 
0.113046095 
0.04038736 
0.054335475 
0.08224615 
0.05368637 
0.052674375 
0.03399451 
0.039854087 
0.034792773 
0.033660613 
0.032021023 
0.028421838 
0.040463347 
0.028260678 
0.0318096 
0.027769256 
0.034333687 
0.029799676 
0.04610341 
0.036470834 
0.052896142 
0.042483952 
0.03337944 
0.048689462 
0.027509045 
0.028349921 
0.030211965 
0.030147225 
0.034808636 
0.044321198 
0.04682941 
0.035423424 
0.031097353 
0.028595388 
0.020055804 
0.020957896 
0.022860691 
0.022350108 
0.030575281 
0.034147043 
0.01737371 
0.028048998 
0.039018746 
0.068027295 
0.0718339 
0.09319831 
0.106472276 
0.09365011 
0.106853664 
0.071351685 
0.068767846 
0.062944815 
0.08528032 
0.059387874 
0.03901312 
0.044644292 
0.026975933 
0.02666549 
0.029162055 
0.028178846 
0.026375597 
0.027694305 
0.03331045 
0.036052115 
0.039909367 
0.021630842 
0.024044538 
0.025914002 
0.024106164 
0.021046463 
0.022225093 
0.023166677 
0.03269317 
0.03810752 
0.08430226 
0.061269082 
0.03274343 
0.04994699 
0.0893363 
0.044589203 
0.053120326 
0.044717737 
0.068356454 
0.043860327 
0.033613726 
0.022291671 
0.045798764 
0.045443885 
0.07279636 
0.06901619 
0.084641196 
0.053056907 
0.05802539 
0.050946712 
0.046326317 
0.03756302 
0.035262637 
0.030273775 
0.03820506 
0.037448786 
0.02675891 
0.03449866 
0.035672862 
0.04712566 
0.06793712 
0.09882082 
0.051952176 
0.052661993 
0.0390409 
0.03476133 
0.024122069 
0.029420812 
0.02639417 
0.022701655 
0.021285733 
0.03408576 
0.050718226 
0.059306115 
0.042042106 
0.037354622 
0.02354634 
0.023502897 
0.04799388 
0.050990783 
0.042065967 
0.03724289 
0.034039598 
0.021959778 
0.019229596 
0.016412606 
0.027144175 
0.02363877 
0.035226595 
0.044909406 
0.11374873 
0.042074423 
0.044797022 
0.02730078 
0.051447533 
0.041724645 
0.047463927 
0.041106537 
0.045736182 
0.027668035 
0.03578365 
0.036179442 
0.03795881 
0.03198725 
0.051047035 
0.02952202 
0.055065375 
0.041891422 
0.045878932 
0.054974973 
0.034497567 
0.05001715 
0.05323457 
0.08826129 
0.11469982 
0.072247446 
0.06786112 
0.0451946 
0.03448289 
0.026004244 
0.047045372 
0.048223406 
0.06221695 
0.054763734 
0.0846697 
0.057117064 
0.05378425 
0.04407876 
0.036713775 
0.02788372 
0.025013918 
0.027260248 
0.026641315 
0.03934225 
0.020064289 
0.032978963 
0.04172065 
0.03457432 
0.026642043 
0.028301973 
0.020716239 
0.039162204 
0.045710698 
0.10445602 
0.075013116 
0.0712054 
0.06039716 
0.07292669 
0.02631157 
0.033223532 
0.035115518 
0.044417463 
0.027234158 
0.045849543 
0.046484746 
0.037315194 
0.046295352 
0.034386385 
0.03714948 
0.031561356 
0.02792852 
0.025252547 
0.04559954 
0.020928556 
0.028031671 
0.026183844 
0.030859893 
0.03346859 
0.03764855 
0.026635718 
0.02090711 
0.022758067 
0.023591453 
0.026560362 
0.026421452 
0.04069947 
0.04149119 
0.038239468 
0.030101467 
0.027725851 
0.025465626 
0.029163117 
0.020829689 
0.03312636 
0.026442075 
0.026307102 
0.020939965 
0.02277596 
0.032396834 
0.026495237 
0.020050278 
0.023189783 
0.040800963 
0.048181012 
0.03653562 
0.02685599 
0.0273184 
0.046676416 
0.088176146 
0.14970389 
0.1057724 
0.042646486 
0.050765514 
0.058339 
0.038845394 
0.036807835 
0.03470198 
0.0604802 
0.053884573 
0.056723427 
0.036998782 
0.039816707 
0.046729468 
0.053765275 
0.06523446 
0.09162811 
0.0676232 
0.04944179 
0.032011915 
0.026051562 
0.030829135 
0.031454764 
0.038462378 
0.058161058 
0.031141425 
0.025198568 
0.024037912 
0.030153519 
0.031280298 
0.040684402 
0.022484388 
0.034938432 
0.03650167 
0.04068978 
0.038866997 
0.034908444 
0.02638334 
0.029682979 
0.03764366 
0.029714938 
0.030026626 
0.038669564 
0.036784865 
0.057221748 
0.035932437 
0.038924217 
0.031130427 
0.040593855 
0.03558267 
0.03048518 
0.033132635 
0.0292449 
0.021851787 
0.021665413 
0.021414509 
0.023593785 
0.032601126 
0.027757693 
0.026404792 
0.034053434 
0.021544214 
0.021738973 
0.02403244 
0.029426325 
0.027339721 
0.036021452 
0.030040067 
0.02413005 
0.037071865 
0.04157652 
0.06242274 
0.05526062 
0.08517809 
0.060845446 
0.047956757 
0.025001556 
0.034327768 
0.03387016 
0.030504754 
0.03656154 
0.03697406 
0.04528247 
0.026221579 
0.024480715 
0.05068158 
0.031962365 
0.028627748 
0.027975265 
0.02750082 
0.022211747 
0.026565988 
0.03617866 
0.055716373 
0.049424045 
0.06441613 
0.06282538 
0.07097441 
0.2250005 
0.14845245 
0.16456254 
0.10624103 
0.07217045 
0.05412721 
0.03460636 
0.034545314 
0.027838305 
0.044146437 
0.059767883 
0.042008527 
0.025924992 
0.028321957 
0.041268848 
0.04093177 
0.03407225 
0.026926761 
0.035219423 
0.02883563 
0.024093034 
0.023986397 
0.019984398 
0.031435564 
0.029466987 
0.027083954 
0.04093107 
0.060933955 
0.053232886 
0.059258986 
0.04905235 
0.04622949 
0.024779744 
0.020598281 
0.018984675 
0.013738012 
0.029130766 
0.025811147 
0.024480699 
0.024399806 
0.019729385 
0.021261308 
0.025721839 
0.029261176 
0.073887646 
0.07643152 
0.027560154 
0.053264964 
0.07942828 
0.074902855 
0.050222535 
0.023781622 
0.02724132 
0.040471867 
0.07263164 
0.033848207 
0.052502345 
0.03653743 
0.019228468 
0.02618433 
0.03550459 
0.022842208 
0.029863706 
0.023940844 
0.038962416 
0.05900796 
0.04065598 
0.038737632 
0.038892798 
0.0217347 
0.041737758 
0.07427202 
0.023036312 
0.035412777 
0.035088975 
0.022608351 
0.035736196 
0.025704432 
0.02867302 
0.021228777 
0.017368194 
0.026605088 
0.035794325 
0.04939927 
0.0211293 
0.02378789 
0.025117671 
0.02086457 
0.03130713 
0.018858902 
0.025246534 
0.02115417 
0.024356227 
0.01950949 
0.015618307 
0.021714471 
0.03083698 
0.025333356 
0.012415076 
0.009173391 
0.021129217 
0.019385794 
0.01909652 
0.02636907 
0.033222765 
0.016223986 
0.016049886 
0.024881562 
0.025476033 
0.030271288 
0.023776624 
0.033585466 
0.038055502 
0.024462856 
0.021064239 
0.024979543 
0.023220941 
0.0245682 
0.03199488 
0.038761336 
0.048768528 
0.05854714 
0.05158391 
0.054358315 
0.048190467 
0.035758536 
0.04319614 
0.057980377 
0.06998484 
0.057351075 
0.029946938 
0.052976836 
0.063749 
0.07743138 
0.084657654 
0.03331008 
0.039507765 
0.037003882 
0.03295824 
0.018538496 
0.029618835 
0.026876712 
0.03072828 
0.026216423 
0.020373989 
0.03446654 
0.033546947 
0.043247852 
0.019989464 
0.018712975 
0.023828182 
0.03883236 
0.037484005 
0.01711853 
0.023101337 
0.036898576 
0.024568025 
0.03122454 
0.05179914 
0.041353226 
0.02254742 
0.021481967 
0.016442444 
0.009884327 
0.025278047 
0.026346827 
0.01862297 
0.014396551 
0.02437024 
0.018703343 
0.023976998 
0.020830777 
0.030186161 
0.014177027 
0.025343802 
0.021697834 
0.04172922 
0.06456893 
0.068182126 
0.054044135 
0.028957456 
0.028086895 
0.030272627 
0.026081795 
0.016035693 
0.01734713 
0.027340215 
0.01636902 
0.025565768 
0.02120645 
0.017530788 
0.024076652 
0.027652532 
0.038588937 
0.052762173 
0.048585214 
0.04659264 
0.028102454 
0.026374418 
0.02246966 
0.034627907 
0.04982645 
0.057434857 
0.026870588 
0.045161657 
0.051660858 
0.047287963 
0.060272753 
0.030638551 
0.06953354 
0.13230026 
0.14266042 
0.0715546 
0.025175462 
0.026212702 
0.030905172 
0.035211086 
0.030054864 
0.025003552 
0.020749468 
0.02457513 
0.0173924 
0.023654614 
0.025501814 
0.028583948 
0.022964632 
0.02960143 
0.02222361 
0.027069107 
0.055087578 
0.06946845 
0.019361053 
0.022511085 
0.013796309 
0.015028873 
0.030361181 
0.036270566 
0.039867055 
0.021444423 
0.032549877 
0.048758708 
0.064453125 
0.05578785 
0.07714589 
0.09511987 
0.08472417 
0.058730554 
0.067681864 
0.044843055 
0.036184296 
0.028635513 
0.039326765 
0.030923093 
0.03341765 
0.03216552 
0.026745865 
0.029109145 
0.04440365 
0.03222422 
0.02183136 
0.018189874 
0.023699278 
0.012987129 
0.018263277 
0.027142968 
0.02751202 
0.012998298 
0.019739987 
0.020309266 
0.027235175 
0.051849116 
0.08109413 
0.061359305 
0.04063431 
0.034063406 
0.034075066 
0.04162676 
0.026815662 
0.037586287 
0.048688654 
0.034593023 
0.033176415 
0.037328735 
0.049685758 
0.034695975 
0.025413835 
0.025459504 
0.03740317 
0.029098937 
0.03908009 
0.027274262 
0.041696735 
0.034040585 
0.028668523 
0.02736128 
0.034073103 
0.027345186 
0.018665666 
0.025681686 
0.012221749 
0.018642196 
0.028864324 
0.022776347 
0.018139482 
0.01648139 
0.017879061 
0.024284365 
0.025148934 
0.026024425 
0.04143766 
0.015883852 
0.030035708 
0.05273273 
0.057806544 
0.04422494 
0.040953167 
0.06562729 
0.07011908 
0.04675662 
0.03527088 
0.032222025 
0.030656785 
0.038071267 
0.030022848 
0.01836483 
0.03244043 
0.02553094 
0.025698166 
0.03177955 
0.036297776 
0.020040087 
0.027805913 
0.024031315 
0.02216537 
0.024377242 
0.01911014 
0.024160836 
0.022170935 
0.039673638 
0.028068816 
0.03152996 
0.01913698 
0.027633185 
0.024242248 
0.018840764 
0.018099327 
0.017892076 
0.0134969 
0.037152845 
0.040328946 
0.038572934 
0.04075945 
0.018351827 
0.03149908 
0.04215011 
0.07241825 
0.035904013 
0.056431305 
0.07896248 
0.06788021 
0.081402384 
0.08103503 
0.038888536 
0.052773483 
0.047155462 
0.045000978 
0.02015426 
0.030391041 
0.01295644 
0.019065153 
0.024633508 
0.021302275 
0.024334403 
0.039151363 
0.06589873 
0.110129856 
0.091082826 
0.06285051 
0.027969893 
0.031652927 
0.017944511 
0.026043206 
0.017409952 
0.037720967 
0.034174528 
0.025008792 
0.033900715 
0.03732433 
0.035580095 
0.023058925 
0.021594372 
0.019127246 
0.020782286 
0.021010268 
0.022288188 
0.025541479 
0.026290646 
0.027413523 
0.026508236 
0.031184983 
0.023855709 
0.015820254 
0.028368777 
0.025663648 
0.021058671 
0.018190645 
0.02516819 
0.011696915 
0.014249663 
0.018102692 
0.013009568 
0.014935185 
0.018924292 
0.015009293 
0.02317133 
0.020575378 
0.026463468 
0.02355222 
0.029854 
0.016317938 
0.017274916 
0.027129423 
0.03393433 
0.0346177 
0.02893578 
0.024254894 
0.026869893 
0.024938527 
0.06797916 
0.035930764 
0.011310245 
0.027846003 
0.021148968 
0.022511678 
0.017392013 
0.031921994 
0.019021885 
0.0129869925 
0.014132229 
0.016220132 
0.021061983 
0.033662327 
0.024130452 
0.023420533 
0.02868582 
0.07397829 
0.055729307 
0.03733341 
0.024486898 
0.025112178 
0.023987612 
0.010626403 
0.022795945 
0.019158402 
0.031872123 
0.02279604 
0.023638878 
0.044613443 
0.05563282 
0.052161336 
0.101370536 
0.12744077 
0.12641633 
0.11110846 
0.11177728 
0.033730455 
0.059107047 
0.030054444 
0.040142972 
0.03355058 
0.033798657 
0.04075891 
0.03911794 
0.03425605 
0.023905452 
0.024987703 
0.0147655755 
0.029582825 
0.033856697 
0.034450322 
0.03140674 
0.017186705 
0.026841644 
0.022058044 
0.023863113 
0.017842073 
0.023537891 
0.025671821 
0.028733645 
0.028627295 
0.028249998 
0.027592292 
0.030718174 
0.036909834 
0.044039976 
0.025386244 
0.031496014 
0.028297786 
0.050485015 
0.021690309 
0.018093523 
0.02367836 
0.024670139 
0.043615703 
0.064338125 
0.02481203 
0.028262395 
0.037159365 
0.050029766 
0.038857777 
0.048065353 
0.046536576 
0.021548595 
0.03097308 
0.03629878 
0.03715315 
0.024423352 
0.031067908 
0.019955022 
0.020612571 
0.0300506 
0.031391583 
0.035710298 
0.029098075 
0.041043118 
0.024656825 
0.017242568 
0.020367334 
0.016664434 
0.021996293 
0.032180797 
0.023638977 
0.014847064 
0.024656387 
0.029803658 
0.020864645 
0.036982894 
0.03422326 
0.03439457 
0.019606264 
0.021516237 
0.023822973 
0.0333382 
0.0311723 
0.04434962 
0.04742869 
0.02381262 
0.025494318 
0.025025388 
0.021032434 
0.03083984 
0.024487974 
0.016969576 
0.023324694 
0.016622225 
0.029144103 
0.036169995 
0.036629662 
0.016199475 
0.029869786 
0.019750442 
0.03055657 
0.0220243 
0.025114577 
0.023749962 
0.02745239 
0.020672042 
0.023082465 
0.028345421 
0.029389909 
0.0325298 
0.08863447 
0.048579212 
0.053373624 
0.042947233 
0.047437083 
0.045361646 
0.026643608 
0.030089933 
0.02468795 
0.021861738 
0.015978258 
0.019736532 
0.035452083 
0.02985982 
0.036024343 
0.028136764 
0.019964907 
0.01928108 
0.022834394 
0.016544187 
0.020694751 
0.010450697 
0.020424685 
0.038781095 
0.03340741 
0.02576552 
0.027941223 
0.039787956 
0.04121141 
0.033479534 
0.018502835 
0.018279087 
0.024669055 
0.028610373 
0.020760417 
0.027166069 
0.0119735375 
0.013680041 
0.024108687 
0.03797344 
0.03136342 
0.025097137 
0.027187606 
0.051693432 
0.03142727 
0.03197584 
0.024823343 
0.025292119 
0.027788099 
0.0192951 
0.03358261 
0.021630345 
0.039491124 
0.030955698 
0.048080422 
0.024127614 
0.010685047 
0.022715092 
0.038703702 
0.044798426 
0.058080066 
0.038937256 
0.061509967 
0.057867635 
0.08251719 
0.08773218 
0.13034967 
0.035925776 
0.0538957 
0.019527193 
0.026216272 
0.021635717 
0.018790044 
0.026776593 
0.032932248 
0.021241765 
0.022409806 
0.025121074 
0.026258877 
0.015548056 
0.027127609 
0.04577559 
0.013216007 
0.016717669 
0.01331538 
0.01951079 
0.010887725 
0.029823279 
0.030513976 
0.019629298 
0.019869521 
0.017118055 
0.014101234 
0.025248706 
0.01817913 
0.03829649 
0.039394427 
0.02221196 
0.041092467 
0.044320256 
0.028653737 
0.03706941 
0.102727436 
0.11624813 
0.06368498 
0.11373325 
0.042696454 
0.034507424 
0.03969329 
0.04316635 
0.0417267 
0.058426727 
0.041486923 
0.047873005 
0.040310938 
0.037111364 
0.024647614 
0.020027364 
0.033950992 
0.044138495 
0.0376109 
0.043175783 
0.029376566 
0.030175814 
0.03651295 
0.029905766 
0.035502058 
0.037318684 
0.04106138 
0.025357127 
0.020930598 
0.011959428 
0.01773745 
0.01663515 
0.021445658 
0.033982676 
0.026011163 
0.032744054 
0.01736756 
0.011674954 
0.012937203 
0.019719455 
0.026472103 
0.015257174 
0.017213382 
0.021691596 
0.013727436 
0.022269202 
0.019000476 
0.015719803 
0.011724379 
0.01140068 
0.014775219 
0.010973193 
0.0158082 
0.030579101 
0.027346378 
0.023036767 
0.032864653 
0.029346347 
0.0364883 
0.05414919 
0.022765273 
0.019698512 
0.016790876 
0.022103142 
0.03024042 
0.024327818 
0.014798859 
0.008719759 
0.016508037 
0.02752687 
0.02577876 
0.018112438 
0.02430738 
0.021760669 
0.010518533 
0.026593873 
0.020169929 
0.017919987 
0.011008154 
0.015719067 
0.018948672 
0.024153221 
0.053215683 
0.048456453 
0.036240473 
0.045642555 
0.04378023 
0.022755105 
0.028705727 
0.033267535 
0.037375666 
0.029648837 
0.02780537 
0.04479506 
0.04656011 
0.069054 
0.07391416 
0.05998043 
0.0599638 
0.068460405 
0.029900258 
0.028901264 
0.02903847 
0.017042352 
0.023194615 
0.01812302 
0.014041421 
0.019499106 
0.054196827 
0.03669818 
0.051111776 
0.021623963 
0.041799873 
0.03145353 
0.028027963 
0.028395724 
0.023261715 
0.019978695 
0.014269313 
0.021289084 
0.013951336 
0.011069482 
0.016990516 
0.017495075 
0.024989229 
0.015641982 
0.022699393 
0.023214068 
0.02774465 
0.06054477 
0.08990396 
0.055914056 
0.03647405 
0.01930975 
0.03697265 
0.01916766 
0.013566676 
0.022250114 
0.021509897 
0.02553614 
0.01462799 
0.024432214 
0.017456647 
0.020441446 
0.025095347 
0.023640545 
0.014013881 
0.020759458 
0.02402114 
0.027369108 
0.01539849 
0.02120085 
0.025513485 
0.02166338 
0.01907242 
0.024952242 
0.022367803 
0.015462808 
0.018182626 
0.018558685 
0.020136943 
0.02234047 
0.03031304 
0.057007004 
0.02876336 
0.011966253 
0.015480238 
0.021734016 
0.03244268 
0.034836046 
0.05029977 
0.061067082 
0.023596866 
0.034707986 
0.031789802 
0.030598572 
0.038737036 
0.041585397 
0.051253747 
0.056598246 
0.04296661 
0.022121605 
0.020523936 
0.064632475 
0.082170136 
0.06372324 
0.07977076 
0.06829198 
0.050986696 
0.06588627 
0.040175226 
0.03051824 
0.03167654 
0.028938603 
0.031757027 
0.02157833 
0.019237835 
0.023693496 
0.021635637 
0.017221909 
0.034191 
0.08268727 
0.07924877 
0.045131706 
0.028662657 
0.018702751 
0.0328188 
0.025296945 
0.01605764 
0.023692805 
0.023956792 
0.016820427 
0.017059507 
0.0263475 
0.021335917 
0.021903645 
0.015651919 
0.011743447 
0.014464537 
0.021184517 
0.034088783 
0.035676636 
0.0435423 
0.0567711 
0.028767258 
0.022825394 
0.026150782 
0.02136286 
0.028448913 
0.019543316 
0.014560461 
0.015138626 
0.029093906 
0.019536097 
0.016448338 
0.026127597 
0.033435456 
0.029130757 
0.033217363 
0.014318323 
0.019530887 
0.020109948 
0.02900668 
0.031834185 
0.038509157 
0.030590132 
0.02767933 
0.02519765 
0.0399658 
0.037087478 
0.020054616 
0.034208756 
0.018736383 
0.022396695 
0.01964147 
0.011600971 
0.020135384 
0.01644902 
0.02727675 
0.015584527 
0.013516987 
0.016089808 
0.015355244 
0.016623449 
0.021112883 
0.024338566 
0.02172856 
0.019991199 
0.015621638 
0.017462077 
0.019913951 
0.024794048 
0.034679186 
0.05295266 
0.034572206 
0.027889514 
0.03043823 
0.053993095 
0.113226846 
0.09647395 
0.09479969 
0.10179583 
0.075343296 
0.105100274 
0.08038936 
0.07964673 
0.050043672 
0.03624354 
0.022083059 
0.053228546 
0.031008039 
0.050557293 
0.034540534 
0.03493131 
0.013345535 
0.025780272 
0.035758503 
0.0261852 
0.026161307 
0.034234207 
0.04286305 
0.074805364 
0.06234262 
0.02012955 
0.025083223 
0.031097615 
0.037364565 
0.0357854 
0.013118063 
0.014693117 
0.018414915 
0.013250196 
0.016164254 
0.011186131 
0.013442121 
0.018805426 
0.022136545 
0.079577796 
0.027711142 
0.013785559 
0.016250689 
0.026958132 
0.028254896 
0.040130723 
0.041537218 
0.060753386 
0.047944687 
0.033662014 
0.08247968 
0.03335427 
0.047367312 
0.034666322 
0.022657879 
0.034156825 
0.021434776 
0.027269408 
0.010738726 
0.016890405 
0.040125843 
0.0372343 
0.05996927 
0.01798711 
0.020398352 
0.02137879 
0.013488385 
0.012795101 
0.022067377 
0.01439031 
0.031078607 
0.024865102 
0.021107743 
0.01979574 
0.018682979 
0.01907802 
0.020540614 
0.020602938 
0.015533751 
0.015152452 
0.019762533 
0.017458567 
0.011599157 
0.0056021526 
0.020273093 
0.028423592 
0.028625831 
0.058177788 
0.078972496 
0.012573147 
0.013277004 
0.029693201 
0.026246319 
0.017535646 
0.013068631 
0.016674051 
0.015150542 
0.015588157 
0.02273852 
0.018842086 
0.017089412 
0.0133227315 
0.013799094 
0.010818369 
0.012558214 
0.013460889 
0.016199786 
0.017539155 
0.019176176 
0.010615272 
0.012492662 
0.014514213 
0.0141271055 
0.02048853 
0.021569239 
0.01674971 
0.022301827 
0.016807524 
0.034342133 
0.015744653 
0.016692491 
0.0119484 
0.017670607 
0.017249014 
0.016816344 
0.026005369 
0.03222324 
0.04093377 
0.013845104 
0.0130301 
0.021325748 
0.019462053 
0.02139945 
0.025348458 
0.046322025 
0.09838326 
0.09681719 
0.027602201 
0.028815513 
0.015429798 
0.022636184 
0.019900057 
0.012573278 
0.024990758 
0.017834466 
0.012420117 
0.019527921 
0.026123365 
0.012635964 
0.010689679 
0.027366638 
0.022914747 
0.028943622 
0.027259171 
0.01421428 
0.018665839 
0.010666919 
0.02480473 
0.014463967 
0.022181438 
0.015254006 
0.019541875 
0.018838137 
0.019056445 
0.021997776 
0.009075759 
0.014439794 
0.015300572 
0.027449602 
0.017490244 
0.04215339 
0.048966043 
0.04308902 
0.034947805 
0.04273057 
0.039959736 
0.02241615 
0.04372392 
0.04040987 
0.02743929 
0.028521847 
0.020921294 
0.018859476 
0.0077547827 
0.025478402 
0.01687347 
0.027768385 
0.02692394 
0.02109713 
0.029874247 
0.02483944 
0.031487223 
0.022453805 
0.021034446 
0.035030294 
0.018253718 
0.013735947 
0.014883628 
0.038696837 
0.031947244 
0.018302664 
0.018104773 
0.014028822 
0.03336835 
0.041949164 
0.055569045 
0.05406075 
0.06982584 
0.11694374 
0.10125919 
0.06392746 
0.06346866 
0.037966467 
0.0372613 
0.025383567 
0.021701276 
0.0191649 
0.028269395 
0.02908383 
0.022867605 
0.034823824 
0.014446892 
0.016508285 
0.014459672 
0.022313219 
0.048656654 
0.07243328 
0.05370431 
0.0352649 
0.01969555 
0.018531043 
0.022041058 
0.057490982 
0.040117573 
0.026841734 
0.019732457 
0.016657736 
0.033429727 
0.031798624 
0.016318262 
0.0274192 
0.020362474 
0.02865709 
0.025273109 
0.024639778 
0.026994068 
0.0518777 
0.039566416 
0.025061095 
0.046900824 
0.08173275 
0.034896888 
0.01576995 
0.023144651 
0.03478616 
0.018588088 
0.015936643 
0.034860484 
0.06288539 
0.04575375 
0.021189824 
0.034869142 
0.023538394 
0.011597171 
0.014162689 
0.025655353 
0.030887699 
0.024223953 
0.027565856 
0.028237928 
0.028574163 
0.023888785 
0.020772666 
0.024526123 
0.019969583 
0.014137101 
0.024605276 
0.017562225 
0.019231169 
0.027070012 
0.01691757 
0.023936763 
0.02255464 
0.028843895 
0.031564385 
0.02476567 
0.04263265 
0.056458205 
0.054360785 
0.04353232 
0.028030002 
0.023348302 
0.023756478 
0.02742831 
0.015179014 
0.019623179 
0.022122432 
0.010323336 
0.010297127 
0.0131648425 
0.0117815705 
0.014423559 
0.018720333 
0.024206229 
0.016623292 
0.037019476 
0.019597195 
0.013523772 
0.010930191 
0.015316841 
0.008104459 
0.0170104 
0.05368308 
0.022811392 
0.016521921 
0.007823208 
0.024102215 
0.017563727 
0.020448666 
0.011757138 
0.01678069 
0.010414372 
0.011479936 
0.021357378 
0.010838205 
0.025141979 
0.020714456 
0.022528732 
0.013177887 
0.031316347 
0.058119915 
0.16901796 
0.059666116 
0.05820461 
0.029425707 
0.03356699 
0.059468288 
0.11636667 
0.06175814 
0.023657423 
0.047333 
0.06334046 
0.02543582 
0.019964429 
0.016508605 
0.027127594 
0.019904358 
0.023695573 
0.017690185 
0.017066121 
0.025075417 
0.079348974 
0.061104942 
0.057930134 
0.02511493 
0.019125761 
0.016938481 
0.010562921 
0.024726119 
0.017312575 
0.012371419 
0.010753142 
0.02131905 
0.02031851 
0.022725428 
0.030335158 
0.015314904 
0.020006325 
0.030811012 
0.024703119 
0.01378938 
0.027795643 
0.0180404 
0.012903569 
0.024656385 
0.024434704 
0.022834942 
0.01149332 
0.02047548 
0.037209 
0.011301376 
0.009978706 
0.010605454 
0.014309214 
0.021488424 
0.022112379 
0.013693062 
0.009435939 
0.018689085 
0.022981383 
0.034110636 
0.02797008 
0.04781838 
0.03877006 
0.018155437 
0.016151631 
0.02137951 
0.019119818 
0.009833107 
0.015842343 
0.017283088 
0.023768738 
0.023397025 
0.013040486 
0.016379843 
0.012556491 
0.012254999 
0.016393939 
0.018189957 
0.020992681 
0.01973114 
0.020047123 
0.028423209 
0.021031763 
0.025204908 
0.03412919 
0.020021224 
0.02349864 
0.020444676 
0.01792297 
0.018549252 
0.015855977 
0.015507239 
0.014920121 
0.023413647 
0.040321313 
0.023171803 
0.015881935 
0.039060507 
0.026044037 
0.027659798 
0.029462501 
0.017732333 
0.037509937 
0.016603991 
0.017925465 
0.020344425 
0.022576245 
0.016611865 
0.023792341 
0.04444604 
0.026463699 
0.02412443 
0.018504297 
0.014239472 
0.020116976 
0.022605665 
0.015932404 
0.016630422 
0.013571791 
0.015250765 
0.01291126 
0.018819937 
0.015498349 
0.012088831 
0.0068950104 
0.009438885 
0.019277018 
0.018755902 
0.01307275 
0.017509378 
0.017127955 
0.009165803 
0.012040448 
0.008896574 
0.010709793 
0.014543435 
0.012632203 
0.0057518207 
0.0061744787 
0.008859344 
0.006604737 
0.008832671 
0.012226206 
0.0048052315 
0.009450102 
0.004688214 
0.0086844 
0.017043415 
0.015167279 
0.0077359797 
0.015971253 
0.008676092 
0.009619913 
0.009251407 
0.012636852 
0.0070520444 
0.0075873956 
0.019945595 
0.010625264 
0.00922064 
0.0072283386 
0.011741298 
0.008546505 
0.005816433 
0.0156138 
0.009228368 
0.011112017 
0.013207605 
0.0042503923 
0.011060257 
0.011269167 
0.011744885 
0.00782378 
0.017230917 
0.019796377 
0.029461 
0.039497383 
0.026518453 
0.01269 
0.0087427 
0.013196367 
0.006947552 
0.016508583 
0.018092692 
0.0045350837 
0.01210212 
0.016499858 
0.020470746 
0.01850625 
0.027664859 
0.020722691 
0.023068983 
0.032158412 
0.11764395 
0.11202969 
0.049860284 
0.059240002 
0.025949126 
0.030603427 
0.017454503 
0.02791121 
0.024376262 
0.045193795 
0.03499891 
0.038762838 
0.040804636 
0.020472206 
0.035784956 
0.017655175 
0.018412914 
0.036402583 
0.01273012 
0.013334888 
0.03079749 
0.01189953 
0.037070565 
0.02078428 
0.024382483 
0.027269006 
0.032834522 
0.01511913 
0.014120692 
0.016334487 
0.009970478 
0.008796853 
0.010943839 
0.008057338 
0.013059432 
0.02974233 
0.018091476 
0.018627897 
0.019246288 
0.022755362 
0.00866198 
0.013560301 
0.011924115 
0.014216462 
0.020711694 
0.02228517 
0.025846446 
0.02178165 
0.0138542205 
0.012223363 
0.020276364 
0.031187247 
0.028288936 
0.020540575 
0.016899996 
0.010987818 
0.01425083 
0.03653241 
0.09442438 
0.06010867 
0.030534213 
0.042502433 
0.041082203 
0.046183534 
0.07520291 
0.03113995 
0.02216715 
0.07003002 
0.04848806 
0.02248721 
0.02210526 
0.03056089 
0.023936966 
0.019433696 
0.017099306 
0.016431838 
0.020166283 
0.021830875 
0.010899434 
0.020727303 
0.014380433 
0.025128137 
0.014127349 
0.017012145 
0.029471021 
0.07899494 
0.076950096 
0.04073782 
0.047058057 
0.04100386 
0.03619585 
0.008538048 
0.01733101 
0.01872499 
0.027899573 
0.020684635 
0.032013126 
0.018290242 
0.024169791 
0.020203952 
0.02433278 
0.02557696 
0.021822924 
0.021095928 
0.010228177 
0.017303638 
0.022977997 
0.023549918 
0.019561227 
0.008087721 
0.014369783 
0.0174178 
0.0152033465 
0.018547434 
0.02300572 
0.021576423 
0.020513533 
0.027279371 
0.02335843 
0.023346698 
0.028846985 
0.013804686 
0.017977487 
0.016545266 
0.022332849 
0.023847438 
0.011588961 
0.021391343 
0.023719843 
0.018264305 
0.043863937 
0.0108600035 
0.027967786 
0.015828865 
0.020999063 
0.011966101 
0.019462984 
0.07207717 
0.16240472 
0.025232544 
0.0547503 
0.026711684 
0.04487267 
0.035869844 
0.02302453 
0.033658035 
0.018509481 
0.012567246 
0.017715493 
0.026661169 
0.017159527 
0.013043815 
0.016097132 
0.013917515 
0.016985932 
0.0146162305 
0.018346181 
0.021812068 
0.01696445 
0.023862725 
0.015855556 
0.019312227 
0.009470228 
0.027303915 
0.013427144 
0.014367336 
0.011912001 
0.028366406 
0.012120903 
0.020493865 
0.02387621 
0.021815829 
0.036741238 
0.035805456 
0.019101813 
0.013868558 
0.030175079 
0.050753247 
0.049732108 
0.038206745 
0.016897388 
0.027337397 
0.026597943 
0.008539109 
0.015088719 
0.018772656 
0.023988891 
0.018646222 
0.014780542 
0.020249214 
0.015973775 
0.009055284 
0.031464327 
0.028471962 
0.014115634 
0.009507197 
0.024288649 
0.015113506 
0.014238832 
0.00893191 
0.015766857 
0.015109019 
0.01410755 
0.018581348 
0.009122476 
0.0063978164 
0.014568383 
0.010710393 
0.015162957 
0.009306802 
0.0134938955 
0.008656295 
0.011012907 
0.01871941 
0.013117361 
0.009175377 
0.0069065215 
0.0072893067 
0.01935914 
0.021234494 
0.04186841 
0.021617074 
0.01395123 
0.020953769 
0.010721212 
0.009698249 
0.011133423 
0.012187358 
0.013847473 
0.008511012 
0.008522679 
0.012711668 
0.011183344 
0.01522027 
0.011716951 
0.010799169 
0.012054065 
0.016979143 
0.015344499 
0.02111653 
0.024900388 
0.009836698 
0.013249832 
0.0062682005 
0.024530586 
0.015141899 
0.021580944 
0.027957356 
0.014715306 
0.01818598 
0.022247037 
0.057165883 
0.02822715 
0.013330957 
0.009698005 
0.0069101006 
0.010711153 
0.023098854 
0.024289798 
0.02085448 
0.026640886 
0.008232538 
0.0060225446 
0.014002392 
0.011331182 
0.012272244 
0.016410539 
0.024294429 
0.01571549 
0.02135597 
0.013679911 
0.0115052415 
0.045422666 
0.04002079 
0.034414314 
0.032944847 
0.012002898 
0.017443094 
0.01971207 
0.014505528 
0.013590628 
0.011051617 
0.012834109 
0.009628417 
0.014258543 
0.0045867474 
0.009993764 
0.010763827 
0.030298293 
0.017449152 
0.014120187 
0.012791216 
0.011120115 
0.014923382 
0.012046685 
0.0071597956 
0.008954744 
0.005633761 
0.015350091 
0.02280713 
0.012700711 
0.024646085 
0.012229523 
0.007021108 
0.022647846 
0.0071182 
0.009302305 
0.010183632 
0.016080368 
0.009483603 
0.021996472 
0.017131412 
0.027969163 
0.012790315 
0.014650956 
0.010167841 
0.020691177 
0.0140526565 
0.02511074 
0.030888444 
0.054122113 
0.019845279 
0.034785606 
0.03821506 
0.051414557 
0.11431205 
0.06426607 
0.018958662 
0.009856855 
0.018611733 
0.01719452 
0.008817141 
0.008751141 
0.006471567 
0.021579687 
0.01684868 
0.01622845 
0.016078219 
0.015695173 
0.017546888 
0.023260456 
0.02834309 
0.003198862 
0.012278622 
0.009676114 
0.0156208845 
0.028426647 
0.022444654 
0.026803166 
0.04178891 
0.010976508 
0.011986469 
0.012789069 
0.013765549 
0.047284864 
0.03169257 
0.021093544 
0.015685854 
0.015505062 
0.012422884 
0.02601716 
0.0148892645 
0.018194819 
0.015608767 
0.015650341 
0.012051401 
0.019115085 
0.046805967 
0.017181331 
0.019575516 
0.028657481 
0.031663023 
0.036081553 
0.027534941 
0.02592504 
0.058568347 
0.06319435 
0.03744728 
0.022859037 
0.033956572 
0.030182093 
0.042930596 
0.044926945 
0.021290693 
0.023201367 
0.030030895 
0.04172229 
0.03386318 
0.017848268 
0.03034938 
0.026313681 
0.03388088 
0.021710822 
0.013453168 
0.012558592 
0.0125806155 
0.013645744 
0.0303123 
0.0042217798 
0.012711453 
0.018267017 
0.0111143505 
0.012457471 
0.011013999 
0.009354211 
0.034200884 
0.037450038 
0.021832231 
0.022679944 
0.010922707 
0.014063371 
0.022957603 
0.02475716 
0.02053637 
0.024689782 
0.009130983 
0.013497029 
0.024034565 
0.021380644 
0.014958997 
0.018288087 
0.0184502 
0.03237962 
0.011313915 
0.027841544 
0.01446875 
0.013488653 
0.02183491 
0.027154798 
0.0258273 
0.012123892 
0.017135875 
0.019712124 
0.017167768 
0.009859498 
0.015113574 
0.02276938 
0.021826942 
0.047718175 
0.03138815 
0.012294641 
0.015046587 
0.027638888 
0.03688539 
0.03119411 
0.01844215 
0.014593348 
0.017345628 
0.01748908 
0.018468995 
0.013561179 
0.012055205 
0.015849743 
0.017145235 
0.033144455 
0.02053412 
0.03624914 
0.028286958 
0.04391871 
0.030840095 
0.016713168 
0.022414882 
0.02167337 
0.013847502 
0.01416852 
0.010681697 
0.014128394 
0.014164811 
0.010577977 
0.026871204 
0.0062263804 
0.023399573 
0.024289953 
0.06967699 
0.08472543 
0.10436432 
0.09973569 
0.07391818 
0.03833707 
0.042826694 
0.03977392 
0.021852482 
0.026049584 
0.054376703 
0.05451671 
0.03359666 
0.040282287 
0.03999092 
0.042297535 
0.026249778 
0.017132467 
0.029522523 
0.021643963 
0.012320342 
0.013248053 
0.022145605 
0.017006932 
0.014018672 
0.026247555 
0.01812611 
0.030723706 
0.054689527 
0.022949064 
0.018164176 
0.03269028 
0.041371457 
0.015411426 
0.02675941 
0.015473825 
0.020644551 
0.014684166 
0.011248818 
0.005926843 
0.027297636 
0.018902797 
0.0274676 
0.019174566 
0.023538357 
0.028242994 
0.018446438 
0.014013564 
0.016397309 
0.024585731 
0.025633225 
0.018165836 
0.043334097 
0.017709497 
0.021953674 
0.024333598 
0.020227298 
0.03795275 
0.02250137 
0.03249956 
0.021497924 
0.014311326 
0.02020238 
0.021861348 
0.0116525125 
0.013767715 
0.012336804 
0.01490275 
0.017824423 
0.0151821375 
0.025428364 
0.041607417 
0.030675238 
0.025447065 
0.012308479 
0.015661296 
0.01108804 
0.006510572 
0.010976946 
0.012500308 
0.016465236 
0.011779596 
0.015398937 
0.01541882 
0.026832828 
0.034412395 
0.02233589 
0.020933585 
0.026494378 
0.039694794 
0.03137427 
0.03009699 
0.014377032 
0.00850939 
0.01287103 
0.010508028 
0.0057893074 
0.016267046 
0.013566315 
0.008171226 
0.011832714 
0.01336213 
0.016700458 
0.015199015 
0.010384234 
0.013074199 
0.015258744 
0.012829828 
0.011938038 
0.0071290024 
0.009163288 
0.011320731 
0.009694962 
0.0030256442 
0.0074207373 
0.011190888 
0.008927593 
0.010613094 
0.0066354484 
0.009169618 
0.016948031 
0.014757502 
0.009526341 
0.011409913 
0.018758133 
0.015384695 
0.03083483 
0.028646981 
0.044283338 
0.032493595 
0.015964288 
0.01902225 
0.017204246 
0.015358609 
0.015952602 
0.009125374 
0.017785925 
0.014465461 
0.01341298 
0.015293762 
0.0073023043 
0.009667767 
0.01591101 
0.010786772 
0.008151719 
0.017548973 
0.014654672 
0.011981706 
0.037229914 
0.022093628 
0.10024717 
0.09941119 
0.026037369 
0.028377455 
0.046965294 
0.06457641 
0.04576857 
0.022082433 
0.016322479 
0.022899162 
0.018837621 
0.02015714 
0.026576653 
0.013209483 
0.013807091 
0.009997532 
0.01034897 
0.020930305 
0.020559737 
0.010896823 
0.011757135 
0.011223614 
0.022901142 
0.012733822 
0.012113849 
0.013749456 
0.010044126 
0.017515445 
0.014013539 
0.015590954 
0.01755915 
0.0150801465 
0.03034293 
0.025298227 
